100
5 1
3 1 4 1 5 9
2 7 1 8 2 9
4 8 15 16 23 42
102720 1
517579103 159905431 402197475 354058954 655691759 830988555
66468388 11224377 35831693 13381218 43707547 190332729
773951965 206452265 789541526 263619803 404925295 875262085
400000 1
149850274 273077003 395612218 467532258 246648917 932438121
999999999 999999999 0 0 999999999 1000000000
13000199 186269585 21799538 190397397 112405793 219036399
45429 1
0 0 0 0 0 1000000000
999999999 999999999 0 0 999999999 1000000000
222338084 174560269 199597263 63877193 69994046 246346170
102720 1
621182785 739389855 295675359 198393700 713877467 818715934
621182785 739389855 295675359 198393700 713877467 818715934
10596 90573 23743 40494 28541 102720
400000 1
36776659 622688584 803199 320934602 441827384 658110392
36776659 622688584 803199 320934602 441827384 658110392
220 381406 69177 254680 93888 400000
400000 1
191951525 202014395 419440741 99367426 11390610 434021627
194107960 183967804 85407821 151606308 51535837 198868129
4703852 82675356 121291440 11341480 113359073 153018607
400000 1
248928103 551337075 580779019 578368402 356562770 604067213
248928103 551337075 580779019 578368402 356562770 604067213
77949 174335 209237 17732 75205 400000
400000 1
48863027 45232805 339142733 346035594 238114604 352771300
48863027 45232805 339142733 346035594 238114604 352771300
293644 103134 288575 268149 324350 400000
155300 1
0 0 0 0 0 1000000000
9530062 212365618 34081963 157855936 191544458 305970720
377456731 200930400 538628498 498639728 433903783 736415277
1 1
0 0 0 0 0 1
0 0 0 0 0 1
999999999 999999999 0 0 999999999 1000000000
400000 1
0 0 0 0 0 1000000000
350670561 294280402 306864515 583234659 462856478 784259535
373529936 62600758 140517561 441794518 181834464 592101054
305824 1
234144416 669258010 432731511 418125958 636811305 669778914
8308894 831436327 401636034 53387480 884625601 943963356
261200980 103080295 282944306 179310340 260909857 283575721
400000 1
276637802 80456171 64416874 118382323 261986238 338212715
276637802 80456171 64416874 118382323 261986238 338212715
372815 379953 110064 198749 159445 400000
166412 1
312648720 157040264 235225887 401004057 159367740 499388034
50087710 241018418 492492923 56749180 527708766 585936973
128218589 101607104 93328793 109386670 214018269 277148140
102720 1
0 0 0 0 0 1000000000
469795 47192877 6718507 30436003 26083653 117748050
227581573 41008403 204547323 203221599 34658755 293640279
370366 1
594820462 488633268 623024041 113534346 537473230 693527780
108607588 75309627 84596792 98408367 105213875 222639574
502963246 485361582 142575694 386467458 304537910 679540494
244090 1
42061114 7103289 50503813 42510477 51399315 52618991
385186395 375260246 8796839 187374456 125697074 547433813
104851197 742518176 488759732 558325887 701475773 803454340
400000 1
689264722 553393838 455411227 672541687 379226263 705725643
689264722 553393838 455411227 672541687 379226263 705725643
93000 383185 170477 115662 376728 400000
400000 1
876794598 262820623 166258444 348074670 776488642 939183835
876794598 262820623 166258444 348074670 776488642 939183835
215178 9014 172171 110282 389651 400000
400000 1
694292215 591185478 761249678 15393618 488544829 884324361
694292215 591185478 761249678 15393618 488544829 884324361
254936 348015 257969 71235 381601 400000
45429 1
56420876 40939894 14958708 10513847 8553810 57007933
999999999 999999999 0 0 999999999 1000000000
402405319 166405795 49480318 273500229 651559638 758399222
400000 1
12601245 26549135 9923919 33915502 13533669 34007582
327200547 212171626 190888567 33110848 90456720 455480896
396114688 87302942 461730353 180212532 383104872 492271689
400000 1
192409734 103183056 190295949 195036021 145520007 269250728
192409734 103183056 190295949 195036021 145520007 269250728
292867 65672 353266 98075 391023 400000
400000 1
157437094 611821374 783564962 582892394 653722129 894408976
157437094 611821374 783564962 582892394 653722129 894408976
373176 157848 76472 137408 96957 400000
400000 1
0 0 0 0 0 1000000000
999999999 999999999 0 0 999999999 1000000000
109021009 102993061 826340167 357062357 46015278 917380825
400000 1
53287735 62338536 104427277 7968023 19710923 195470601
260660067 158914481 343136788 148708830 231098733 406047875
105548898 78319478 20293442 27835860 458542007 535112765
400000 1
477644659 759185430 158317438 541075622 435328454 846631893
477644659 759185430 158317438 541075622 435328454 846631893
6316 166572 63499 129319 306353 400000
400000 1
252432423 438123231 840386843 577522825 565617891 866821533
252432423 438123231 840386843 577522825 565617891 866821533
32418 302953 295015 384467 289034 400000
400000 1
835105491 852943295 622582916 131943219 530748824 985950569
835105491 852943295 622582916 131943219 530748824 985950569
369945 110713 298218 246080 251364 400000
1 1
0 0 0 0 0 1
0 0 0 0 0 1
0 0 0 0 0 1
400000 1
401029676 222616630 567529770 335524667 433985584 755308870
999999999 999999999 0 0 999999999 1000000000
43650925 9995374 201968687 235813450 135627602 255178749
102720 1
857485 3952698 9320394 5568602 3699834 11178524
999999999 999999999 0 0 999999999 1000000000
9585978 1494405 4678667 3191398 6513156 10211439
400000 1
74105361 60125636 121356318 14870584 30206732 141068503
999999999 999999999 0 0 999999999 1000000000
75041524 124596684 200199715 254760158 28613098 268988285
400000 1
119134949 51254507 89972697 25325240 84458044 142559506
119134949 51254507 89972697 25325240 84458044 142559506
48995 43174 38299 246681 159912 400000
400000 1
6401303 47667038 60598503 39541862 163586498 167249254
6401303 47667038 60598503 39541862 163586498 167249254
396886 274534 23565 291215 163360 400000
400000 1
11036172 9485001 6852801 5173897 9908462 11323603
11036172 9485001 6852801 5173897 9908462 11323603
256813 376426 361978 216355 40350 400000
400000 1
222051564 184444092 185536579 256083467 57725367 351530080
222051564 184444092 185536579 256083467 57725367 351530080
150286 375177 338832 373205 348547 400000
400000 1
61482573 23257605 174026400 249069821 176608367 256578691
61482573 23257605 174026400 249069821 176608367 256578691
333973 3701 107128 371176 324397 400000
400000 1
257717920 758020478 723362955 150213900 379989968 884068767
469032597 852050935 230382268 183866377 846865118 880162658
46628174 198789948 21867095 144987467 50930929 254524748
275582 1
97568242 123646919 17547581 38563602 40714845 125455967
275600456 823851669 81522761 314638959 322888827 840180468
624934384 737729719 525683554 317795692 434565388 781483538
400000 1
227182945 454367623 106276695 515681153 50541707 609880774
227182945 454367623 106276695 515681153 50541707 609880774
32143 87932 296603 333292 255252 400000
400000 1
0 0 0 0 0 1000000000
999999999 999999999 0 0 999999999 1000000000
617165779 584561667 212276798 33865375 239175307 858896994
400000 1
206483067 297264613 425725819 356759800 483000132 538212081
206483067 297264613 425725819 356759800 483000132 538212081
18454 389168 157339 140929 193929 400000
400000 1
282581017 181654165 318919535 671499171 692225665 901521672
282581017 181654165 318919535 671499171 692225665 901521672
30819 340875 177651 170537 274107 400000
305824 1
41488280 131324921 390455010 155438855 126036259 392727636
41488280 131324921 390455010 155438855 126036259 392727636
263324 32420 80308 300673 15427 305824
301438 1
0 0 0 0 0 1000000000
999999999 999999999 0 0 999999999 1000000000
357261483 240519947 382176242 402032180 410748179 506794177
400000 1
0 0 0 0 0 1000000000
416702097 367872091 17129565 156491013 398399436 581194425
800872035 376012016 594808509 507402036 532469572 897007987
400000 1
0 0 0 0 0 1000000000
999999999 999999999 0 0 999999999 1000000000
180038953 41762345 405964229 347777120 107492902 435074758
312606 1
442636700 337818601 249107482 205212297 553522827 982077158
45695752 440884937 437317557 228308031 73225812 534358160
33101682 196397315 46932387 62768044 11524767 263681538
155300 1
491031090 444385051 315580813 67271997 637062729 664557024
999999999 999999999 0 0 999999999 1000000000
140271118 763763411 62178110 239604089 109878781 880845129
45429 1
443697966 420142457 532506272 365593698 86813967 790356186
443697966 420142457 532506272 365593698 86813967 790356186
17432 12090 6623 11870 27346 45429
301438 1
29147306 44036057 80644064 44787237 41777302 90045864
999999999 999999999 0 0 999999999 1000000000
408256630 421104377 103103792 432241118 41500518 735787520
305824 1
307359199 190628064 95185500 300095914 226769919 356757310
999999999 999999999 0 0 999999999 1000000000
102460037 56699858 137469568 91423372 244673575 300963198
45429 1
108989242 29356289 295275824 104677022 32229058 325260942
582030287 116353873 697697938 427447816 555223351 727924310
230342435 833958829 346253430 753962233 197524832 850668882
400000 1
535866070 470250314 262183910 642126439 68607403 965936556
535866070 470250314 262183910 642126439 68607403 965936556
134453 149949 389463 129961 223267 400000
301438 1
8463988 118198449 361635462 248888292 81995175 733082847
8463988 118198449 361635462 248888292 81995175 733082847
110942 226180 238933 121602 282007 301438
400000 1
394366144 363750516 310695061 32717809 134745112 397145134
394366144 363750516 310695061 32717809 134745112 397145134
281205 119899 38175 152815 98358 400000
400000 1
255145190 76611134 113746877 321881838 492010332 560629185
255145190 76611134 113746877 321881838 492010332 560629185
185787 162680 259698 162520 350257 400000
400000 1
124070417 218645074 445064379 490917616 719998977 735312832
124070417 218645074 445064379 490917616 719998977 735312832
327663 16615 376222 41071 272095 400000
400000 1
404198041 53680645 307878191 79995303 249131523 486508823
404198041 53680645 307878191 79995303 249131523 486508823
9779 56449 84185 60934 16300 400000
76127 1
319244357 86478242 260061123 19856127 164017501 490433355
266211495 257979449 75603944 429007447 385595047 516045831
148535311 84477629 158957247 161498206 250966184 259586883
400000 1
106040901 206136207 203329263 164424393 58168589 457970600
106040901 206136207 203329263 164424393 58168589 457970600
284200 348253 156852 89801 240986 400000
155300 1
99950978 19484341 131591843 28486311 121076281 149996784
99950978 19484341 131591843 28486311 121076281 149996784
97095 86649 76818 93527 648 155300
312606 1
0 0 0 0 0 1000000000
999999999 999999999 0 0 999999999 1000000000
113790957 137664182 168457885 117271376 33849246 179940198
400000 1
0 0 0 0 0 1000000000
999999999 999999999 0 0 999999999 1000000000
474161352 185003663 107410287 198829277 492571665 626335743
305824 1
0 0 0 0 0 1000000000
218520007 81447570 752347185 137790028 212427358 975924787
185758309 306392010 11736436 160641132 16194383 372353211
400000 1
0 0 0 0 0 1000000000
999999999 999999999 0 0 999999999 1000000000
182097679 26823096 361555273 444039865 346390893 972475468
312606 1
258000392 272362094 381924544 300804157 161624710 449236986
999999999 999999999 0 0 999999999 1000000000
210292247 89791068 520539482 877243963 844586442 916118900
400000 1
395428029 284126006 171682882 104803266 359437361 454778473
395428029 284126006 171682882 104803266 359437361 454778473
205241 153934 122920 50399 98654 400000
312606 1
86249205 49039584 507323499 116469044 288578068 544986746
86249205 49039584 507323499 116469044 288578068 544986746
137910 62205 179059 140476 182503 312606
102720 1
0 0 0 0 0 1000000000
999999999 999999999 0 0 999999999 1000000000
802290003 437237789 476640165 267322740 533056575 899421629
212452 1
284455150 197799042 166483515 290762021 29572593 511429360
403099580 125487224 201827149 99191456 371642487 453682925
80487951 664964174 347680474 127605325 44480457 739570447
400000 1
0 0 0 0 0 1000000000
999999999 999999999 0 0 999999999 1000000000
42540536 291545516 320354676 65981647 260168179 322972867
137385 1
507598099 36364146 3699145 36890589 270254208 676186774
147468781 19360830 113265727 29415687 69257036 157419144
14851964 104089271 223345699 339911262 367265139 515476072
45429 1
0 0 0 0 0 1000000000
76355059 92477761 123812110 74561895 90885234 186858291
800879737 514470760 670294943 472643348 670965559 973144391
400000 1
128560433 47168952 301900725 41621662 347679093 405352998
342257070 430884480 497998401 77045624 134023646 758654101
511598578 20556030 387886843 289113313 322141191 562677269
380882 1
472856896 36583814 76842585 213080697 200082321 785460733
31467415 163769143 243113262 224109456 140529940 282543735
503835580 505109675 515725447 112256549 504620222 702505626
400000 1
0 0 0 0 0 1000000000
388723021 82590901 221921155 260393718 374052053 428394082
2520906 345749 3025085 3857861 4039465 15367983
400000 1
26775216 12806579 29492055 10935091 33109392 50862916
26775216 12806579 29492055 10935091 33109392 50862916
101098 307929 274488 171484 62560 400000
400000 1
0 0 0 0 0 1000000000
320867113 515589237 341094638 89724209 116377327 690388501
387491159 436616043 243927644 365001375 330905587 598619956
305824 1
0 0 0 0 0 1000000000
999999999 999999999 0 0 999999999 1000000000
163613766 164794834 447855675 317304037 302185834 548432028
155300 1
0 0 0 0 0 1000000000
999999999 999999999 0 0 999999999 1000000000
36380061 119166279 108522470 121229830 29404914 157214601
400000 1
0 0 0 0 0 1
999999999 999999999 0 0 999999999 1000000000
0 0 0 0 0 1
400000 1
33251850 511946198 486540347 337937201 330052161 606957191
999999999 999999999 0 0 999999999 1000000000
193860997 389594954 280319907 766181395 681771408 860370625
5221 1
82421685 113056441 488067935 194329517 486991172 575639163
83301037 43998192 66052550 153407834 111965452 491310612
813179558 112031777 674791175 530383323 317827225 896206272
400000 1
218736279 66980892 124263163 130432765 319050633 326441325
230467504 666735658 216397310 388869873 642685158 931388773
26018740 144185209 20456833 78956095 47082852 153667353
155300 1
2237003 227713213 300426368 111491272 477852720 888977875
115659944 8751124 137293736 8000304 110979352 160915639
293223910 244497671 506316540 567028537 349958251 713139833
400000 1
104095262 25814863 72878542 144978774 166627353 173714586
999999999 999999999 0 0 999999999 1000000000
23408799 27724542 18029311 16513318 7507683 27981537
400000 1
102958853 96110758 299725438 160161633 276417646 336521563
102958853 96110758 299725438 160161633 276417646 336521563
81796 291711 305524 249229 126326 400000
301438 1
0 0 0 0 0 1000000000
169305809 2455445 102424142 57942453 270203859 554641431
102449537 52927675 580416914 140460511 369762650 592285040
400000 1
104505551 633327727 68387506 561312713 561101436 907230471
999999999 999999999 0 0 999999999 1000000000
154325908 111095126 229142740 369624794 660842094 669131086
312606 1
0 0 0 0 0 1000000000
171252884 140621526 19448819 141319456 102980565 264255623
33985535 361641051 794635441 593878094 600039775 868627320
301438 1
241291921 272997564 352224120 300708239 146001305 402714565
389096592 160540046 564735236 68469615 266582479 591625926
25640186 72180156 48493414 29564495 180095285 216417675
400000 1
0 0 0 0 0 1000000000
87908856 11786211 143835475 96876881 165654943 175484066
174185721 244110283 195808738 108444613 97517962 252428708
400000 1
4532761 1359002 974702 770574 1090745 6051945
4532761 1359002 974702 770574 1090745 6051945
353507 154869 30492 101096 123951 400000
400000 1
145826382 286825096 108709113 246184455 257417824 328668997
145826382 286825096 108709113 246184455 257417824 328668997
0 0 0 0 0 1
400000 1
0 0 0 0 0 1000000000
89706727 538673441 708780577 365700389 106576834 902893369
15509399 9394452 35511971 18038852 23406656 46553044
242563 1
644189880 904291538 635809836 358481424 450764926 909788044
2767699 100685143 26690784 2907242 99897706 115321302
139503252 4752437 82854069 68081098 184064848 253602787
400000 1
50683548 29621704 94779714 136067263 95126313 143825108
50683548 29621704 94779714 136067263 95126313 143825108
277713 345745 48481 359938 27874 400000
